--- !pf.Event
lat: -37.466117
lon: 179.773495
time: 2021-03-04 13:27:35.706000
depth: 72000.0
name: 'gfz2021ekhv'
magnitude: 7.19
moment_tensor: !pf.MomentTensor
  mnn: -7.84e+19
  mee: 6.1e+19
  mdd: 1.74e+19
  mne: 1.28e+19
  mnd: -1.13e+19
  med: -2.37e+19
  strike1: 307.1609197323639
  dip1: 77.31851652037324
  rake1: 158.57171631901846
  strike2: 42.0852639383971
  dip2: 69.11924644350437
  rake2: 13.589397305335135
  moment: 7.706088501957398e+19
  magnitude: 7.2245559949590685
