--- !grond.ReportIndexEntry
path: .
problem_name: wphase_cmt_gfz2021ekhv
event_reference: !pf.Event
  lat: -37.466117
  lon: 179.773495
  time: 2021-03-04 13:27:35.706000
  depth: 72000.0
  name: 'gfz2021ekhv'
  magnitude: 7.19
  moment_tensor: !pf.MomentTensor
    mnn: -7.84e+19
    mee: 6.1e+19
    mdd: 1.74e+19
    mne: 1.28e+19
    mnd: -1.13e+19
    med: -2.37e+19
    strike1: 307.1609197323639
    dip1: 77.31851652037324
    rake1: 158.57171631901846
    strike2: 42.0852639383971
    dip2: 69.11924644350437
    rake2: 13.589397305335135
    moment: 7.706088501957398e+19
    magnitude: 7.2245559949590685
event_best: !pf.Event
  lat: -37.466117
  lon: 179.773495
  north_shift: 11378.699496932912
  east_shift: 1583.1179563131973
  time: 2021-03-04 13:27:44.322956
  depth: 52244.210285761736
  name: 'gfz2021ekhv'
  magnitude: 7.317822742814663
  moment_tensor: !pf.MomentTensor
    mnn: -1.141575845714079e+20
    mee: 5.9264884141764444e+19
    mdd: 5.489270042964346e+19
    mne: 2.4653020036594233e+19
    mnd: 2.3332845473655484e+19
    med: -1.947328403592782e+19
    strike1: 301.3385533736733
    dip1: 55.50069148054125
    rake1: 154.09580436036183
    strike2: 46.71898703254115
    dip2: 68.89752762985373
    rake2: 37.380852547713936
    moment: 1.0634917230497315e+20
    magnitude: 7.317822742814663
  duration: 30.90438983836172
grond_version: 1.5.1
run_info: !grond.RunInfo
  tags: []
