--- !grond.ReportIndexEntry
path: .
problem_name: wphase_cmt_gfz2015sfdd
event_reference: !pf.Event
  lat: -31.55
  lon: -71.55
  time: 2015-09-16 22:54:33
  name: gfz2015sfdd
  depth: 29000.0
  magnitude: 8.2
  moment_tensor: !pf.MomentTensor
    mnn: -1.0e+20
    mee: -1.48e+21
    mdd: 1.58e+21
    mne: -6.0e+19
    mnd: 1.5e+20
    med: 1.96e+21
    strike1: 176.04830489933735
    dip1: 71.04426607174707
    rake1: 89.12026945687612
    strike2: 358.7547198836286
    dip2: 18.97538745934025
    rake2: 92.55954510388547
    moment: 2.493210781301894e+21
    magnitude: 8.23117266415204
event_best: !pf.Event
  lat: -31.311068936066082
  lon: -72.31582503139045
  time: 2015-09-16 22:55:26.275197
  name: gfz2015sfdd
  depth: 8202.870351438974
  magnitude: 8.311785877871703
  moment_tensor: !pf.MomentTensor
    mnn: 2.624577847817978e+20
    mee: -2.618047649346214e+21
    mdd: 2.3555898645644166e+21
    mne: -6.489652913182249e+20
    mnd: -1.9676201335559183e+21
    med: 5.65316921508515e+20
    strike1: 320.4319854076582
    dip1: 51.38173535673671
    rake1: 47.0977640577471
    strike2: 196.54707454744715
    dip2: 55.087080049871496
    rake2: 130.4377290090135
    moment: 3.2936603889280127e+21
    magnitude: 8.311785877871703
  duration: 106.74119812634198
