name = gfz2021ekhv
time = 2021-03-04 13:27:44.105
latitude = -37.466117
longitude = 179.773495
north_shift = 16736.9463684
east_shift = 7629.75478665
magnitude = 7.31551
moment = 1.05503e+20
depth = 53185.96939
mnn = -1.14402e+20
mee = 5.87015e+19
mdd = 5.57002e+19
mne = 2.48577e+19
mnd = 2.32832e+19
med = -1.23625e+19
strike1 = 301.89
dip1 = 56.6106
rake1 = 154.924
strike2 = 46.3301
dip2 = 69.2761
rake2 = 36.0434
duration = 34.2123
--------------------------------------------
